0 0.384032 0.476658 0.119574 0.110565
0 0.702214 0.890254 0.236691 0.185913
0 0.617447 0.590500 0.131040 0.122031
0 0.614580 0.412776 0.081081 0.069615
0 0.606848 0.351916 0.071089 0.059951
0 0.603572 0.306379 0.067813 0.049468
0 0.605537 0.276567 0.060606 0.034398
0 0.584243 0.222186 0.055364 0.046847
0 0.463625 0.126000 0.030030 0.019530
0 0.451550 0.119070 0.027300 0.022470
0 0.422255 0.110775 0.030030 0.024780
0 0.223163 0.061425 0.018900 0.015120
0 0.215498 0.045150 0.012390 0.011970
0 0.225578 0.048510 0.011550 0.009870
0 0.181058 0.041580 0.019950 0.011550